submission_id,train,UE,FE,W
4314_mens,0.0,0.9197616116368088,0.0184736741266787,0.06176471423651227
3559_mens,0.0,0.2546340306559242,0.7254488864105125,0.019917082933563424
768_mens,0.0,0.07910222183784285,0.022118986962682444,0.8987787911994748
426_mens,0.0,0.3207217006245285,0.4486917267091314,0.2305865726663401
807_mens,0.0,0.9460479193149685,0.04130913280671989,0.01264294787831182
8756_mens,0.0,0.020746097273914414,0.009239905895494524,0.970013996830591
8308_mens,0.0,0.08147912783651311,0.033541391877036815,0.8849794802864501
7997_mens,0.0,0.7952107211303231,0.1802660466165948,0.024523232253082068
2950_mens,0.0,0.2565966588338317,0.7297010590830464,0.013702282083121851
5320_mens,0.0,0.9706203501496268,0.02110688637026451,0.008272763480108743
6271_mens,0.0,0.9542736360006654,0.03813355384789666,0.007592810151437966
7005_mens,0.0,0.04872676436784435,0.9369331901838188,0.014340045448336806
9143_mens,0.0,0.12173701032513486,0.010970788570431142,0.8672922011044341
2261_mens,0.0,0.8965125700544914,0.07446004250128374,0.0290273874442248
3523_mens,0.0,0.5853074982089941,0.4011940337322675,0.013498468058738573
1593_mens,0.0,0.6775200156932426,0.3022149442803626,0.02026504002639482
1272_mens,0.0,0.36622251371162745,0.6211154897631675,0.012661996525204987
7536_mens,0.0,0.03351144405917242,0.0043013578184122134,0.9621871981224156
5729_mens,0.0,0.07820617288294468,0.02739713590925253,0.8943966912078029
594_mens,0.0,0.01942848951114453,0.019590799802193068,0.9609807106866624
2104_mens,0.0,0.5200903246821301,0.4688080930510796,0.011101582266790231
1491_mens,0.0,0.2863557449871761,0.7006921981604359,0.012952056852387846
8008_mens,0.0,0.9704400635246392,0.019231938695509532,0.010327997779851451
2425_mens,0.0,0.924051800225938,0.042654861628000335,0.03329333814606169
7725_mens,0.0,0.4573187754287994,0.5341228006338611,0.008558423937339549
6166_mens,0.0,0.006015001372264947,0.060176319340256114,0.9338086792874788
6383_mens,0.0,0.9728580901186424,0.02072688110162865,0.006415028779728845
8978_mens,0.0,0.02985128359163635,0.9660273017663946,0.0041214146419691206
7686_mens,0.0,0.9586868206058016,0.03014419489430639,0.01116898449989194
705_mens,0.0,0.030490309259797187,0.01015678566625668,0.9593529050739462
8369_mens,0.0,0.0386985100460906,0.009158903379955235,0.9521425865739542
9326_mens,0.0,0.17742698756427444,0.8035108590862717,0.019062153349453846
7137_mens,0.0,0.9644221646351762,0.02736680726122849,0.008211028103595284
4463_mens,0.0,0.8750021994731682,0.0477544248086408,0.07724337571819101
3762_mens,0.0,0.7833204402473345,0.1907063882085202,0.02597317154414539
9187_mens,0.0,0.0830772570953224,0.9009202959611696,0.0160024469435078
1335_mens,0.0,0.014310924141715428,0.007379490779380077,0.9783095850789044
8576_mens,0.0,0.026626244644156662,0.02796624772566656,0.9454075076301768
441_mens,0.0,0.9471232204698624,0.04011379291679607,0.012762986613341692
2077_mens,0.0,0.9090803446813454,0.08050358965551753,0.01041606566313729
8200_mens,0.0,0.040710636036470516,0.06944845047821284,0.8898409134853166
1079_mens,0.0,0.0499723721651328,0.0052899222392181295,0.9447377055956492
6107_mens,0.0,0.007398967693501639,0.00850229196301885,0.9840987403434795
8776_mens,0.0,0.05439537950331081,0.9410320326441884,0.00457258785250084
1458_mens,0.0,0.17996956460051858,0.8102846684258286,0.009745766973652922
784_mens,0.0,0.023677225944501456,0.14381292909398954,0.8325098449615089
6915_mens,0.0,0.9588661796749498,0.033483722845048525,0.007650097480001695
8510_mens,0.0,0.9634678989450938,0.026724622937418927,0.009807478117487422
4012_mens,0.0,0.8735391991231327,0.11108138043307247,0.015379420443794669
1663_mens,0.0,0.9085325202942668,0.0814295642410674,0.010037915464665809
5181_mens,0.0,0.959241847539862,0.030306117709288188,0.01045203475084967
8350_mens,0.0,0.05774971764680791,0.03604806537676152,0.9062022169764306
909_mens,0.0,0.044399041848846806,0.006335826872796971,0.9492651312783564
3598_mens,0.0,0.02482511448681628,0.003990815585958676,0.9711840699272252
4861_mens,0.0,0.08761705831998409,0.9053866515322204,0.006996290147795545
460_mens,0.0,0.013563891352438576,0.0214938671701212,0.96494224147744
1429_mens,0.0,0.6688565307246694,0.24157557580483505,0.08956789347049561
5591_mens,0.0,0.0399322197551651,0.951140129789712,0.008927650455122794
741_mens,0.0,0.963015859330534,0.02493358994324755,0.012050550726218546
7964_mens,0.0,0.3180315922887781,0.6636435515467157,0.018324856164506062
610_mens,0.0,0.03630742836598371,0.0048400379098860954,0.9588525337241299
918_mens,0.0,0.039547387718285566,0.004978810198732604,0.9554738020829818
2795_mens,0.0,0.34019007160544723,0.6505213173678569,0.009288611026695762
1414_mens,0.0,0.7212483180667577,0.2592452057290929,0.01950647620414941
96_mens,0.0,0.9559331572856496,0.034848421688059794,0.009218421026290582
6762_mens,0.0,0.9716577967499572,0.023689992232566768,0.004652211017475999
1317_mens,0.0,0.9632155931152959,0.029041750118461874,0.007742656766242141
7597_mens,0.0,0.7804193520669599,0.210699645000657,0.008881002932382967
4671_mens,0.0,0.9612909973335904,0.030379596149292643,0.008329406517116889
1184_mens,0.0,0.8632450675284389,0.12151094409496632,0.015243988376594884
2402_mens,0.0,0.7572497859609542,0.23454518189380766,0.008205032145238163
4144_mens,0.0,0.9634162737550928,0.029737116741593336,0.0068466095033139105
5886_mens,0.0,0.9209323750574556,0.06965534216814455,0.009412282774399908
6785_mens,0.0,0.07154298491205488,0.010768924831353513,0.9176880902565916
5960_mens,0.0,0.4207074689248896,0.5514057445487298,0.027886786526380568
9348_mens,0.0,0.9331739118174056,0.05052355537431594,0.01630253280827848
5437_mens,0.0,0.21846838994600304,0.02110291822809709,0.7604286918258999
5080_mens,0.0,0.11808469184387893,0.8707741608960461,0.011141147260075002
1862_mens,0.0,0.02752357291030053,0.012212290620368127,0.9602641364693314
264_mens,0.0,0.14925680062949082,0.837681047445607,0.013062151924902171
4454_mens,0.0,0.022749122137243928,0.050273266410262335,0.9269776114524938
2388_mens,0.0,0.010181610691934543,0.01395960960799159,0.9758587797000736
80_mens,0.0,0.5841650929772791,0.3965427571663947,0.01929214985632616
4209_mens,0.0,0.1039214009512095,0.8808664580515767,0.015212140997213746
9479_mens,0.0,0.9455701027858978,0.04186022003751283,0.012569677176589534
2725_mens,0.0,0.8851965217466844,0.05998544362808447,0.05481803462523132
3365_mens,0.0,0.256874180548422,0.68943206515166,0.05369375429991799
1134_mens,0.0,0.9202996115192552,0.07201596145851152,0.007684427022233226
4606_mens,0.0,0.9091912730916571,0.08083954348123637,0.009969183427106216
5968_mens,0.0,0.05802716152819558,0.017798059903486096,0.9241747785683182
9504_mens,0.0,0.02077125644927849,0.004011464880729654,0.9752172786699921
3781_mens,0.0,0.9169086501012184,0.0753253154775314,0.007766034421250224
8151_mens,0.0,0.887636570405961,0.101001425645839,0.011362003948199978
7435_mens,0.0,0.060497251828128186,0.004653798998732398,0.9348489491731394
2447_mens,0.0,0.8905983124763636,0.09179080525722072,0.017610882266415714
1539_mens,0.0,0.2571068103786993,0.7092559091645964,0.03363728045670451
8341_mens,0.0,0.10629018917274193,0.8696645460116182,0.024045264815639726
3111_mens,0.0,0.9688973395546536,0.02128907956562789,0.009813580879718255
886_mens,0.0,0.965099695534798,0.023421251230794037,0.011479053234407764
696_mens,0.0,0.9471996430005674,0.04215632712613875,0.010644029873293805
5794_mens,0.0,0.04917409715798417,0.00686213131933651,0.9439637715226794
267_mens,0.0,0.8815411298321334,0.07568936941677289,0.042769500751093766
5199_mens,0.0,0.2855016205807239,0.7069550412727498,0.007543338146526319
736_mens,0.0,0.9250291745254866,0.06757231191590292,0.007398513558610279
339_mens,0.0,0.15980139828796408,0.8192013137188374,0.0209972879931986
6345_mens,0.0,0.02045729779097651,0.017113043931533088,0.9624296582774904
3711_mens,0.0,0.07436623216280826,0.014903468362935931,0.9107302994742558
90_mens,0.0,0.17909565142091924,0.038581179492526034,0.7823231690865547
6886_mens,0.0,0.061496342870810614,0.487971982528417,0.4505316746007724
3888_mens,0.0,0.9167205090672538,0.06037203222410364,0.022907458708642626
99_mens,0.0,0.4978882827171464,0.34176006699145783,0.1603516502913958
3599_mens,0.0,0.9478469948378176,0.03573598899528106,0.016417016166901516
1427_mens,0.0,0.6100762074467696,0.3557424674224018,0.0341813251308286
3224_mens,0.0,0.5214727932150177,0.4655676672541,0.012959539530882216
7740_mens,0.0,0.0832049820909631,0.9064286726768273,0.01036634523220962
4744_mens,0.0,0.05108814846613509,0.08047254425701955,0.8684393072768453
6966_mens,0.0,0.03473325862797245,0.9578781795488129,0.00738856182321451
6949_mens,0.0,0.02567196757026413,0.05369042056553742,0.9206376118641983
9357_mens,0.0,0.039848745766958335,0.00441990889443091,0.9557313453386108
257_mens,0.0,0.9393564914671724,0.04970851483039908,0.010934993702428385
3400_mens,0.0,0.02450955915219395,0.02320687189770701,0.952283568950099
1345_mens,0.0,0.9575926368903768,0.025279299464564985,0.017128063645058172
4524_mens,0.0,0.02064578621888777,0.01526101713819821,0.9640931966429142
6840_mens,0.0,0.9065567449193176,0.05659962113274876,0.036843633947933566
4818_mens,0.0,0.031031648924068594,0.004115600319401579,0.9648527507565298
9138_mens,0.0,0.11934081743838565,0.013664974538432906,0.8669942080231815
511_mens,0.0,0.7758897687855899,0.11129811188847648,0.11281211932593335
6008_mens,0.0,0.8489913919482573,0.05495251660097145,0.09605609145077107
7562_mens,0.0,0.020904575227349644,0.018001014235660633,0.9610944105369896
4251_mens,0.0,0.9744069788111556,0.015734484803949216,0.009858536384895276
8884_mens,0.0,0.9583313662075524,0.03231144759109625,0.00935718620135129
673_mens,0.0,0.043080659663573384,0.951081616596144,0.005837723740282812
3691_mens,0.0,0.9342101168580408,0.054518517205856584,0.011271365936102628
1513_mens,0.0,0.07379359392330492,0.9142296603405772,0.011976745736117836
5717_mens,0.0,0.011360140640738241,0.0038921460895190775,0.9847477132697428
5932_mens,0.0,0.9633357791819036,0.028477557227369107,0.008186663590727492
5744_mens,0.0,0.044552178859571766,0.005460918380823022,0.9499869027596052
5233_mens,0.0,0.9222906360410601,0.05891368060139829,0.018795683357541674
3927_mens,0.0,0.02664619043881607,0.9674378320773848,0.005915977483799125
3022_mens,0.0,0.8099034476092402,0.1820222269392396,0.008074325451520366
4693_mens,0.0,0.02536934165607308,0.16241896768877448,0.8122116906551524
5032_mens,0.0,0.9271313246089984,0.041445457109321474,0.031423218281680106
8644_mens,0.0,0.16326092528418729,0.5796962350564021,0.2570428396594106
3699_mens,0.0,0.03210223316000395,0.9522230802854134,0.01567468655458274
5232_mens,0.0,0.9164968814500132,0.07373130819285864,0.009771810357128137
9341_mens,0.0,0.035294153473136164,0.005981581579884178,0.9587242649469796
1443_mens,0.0,0.6898781977825694,0.26454053968815106,0.04558126252927951
4511_mens,0.0,0.9621288108496914,0.02498772233903747,0.012883466811271291
1093_mens,0.0,0.00998356373913201,0.01618375390132655,0.9738326823595416
6341_mens,0.0,0.9500015858261228,0.0446227667041802,0.005375647469697089
6696_mens,0.0,0.5370238547984714,0.10154847768894687,0.3614276675125816
6221_mens,0.0,0.3778410045628599,0.5922910489530941,0.029867946484045893
9396_mens,0.0,0.8431642349888693,0.1449628362486359,0.011872928762494772
7792_mens,0.0,0.6941202062721776,0.2859806255396818,0.01989916818814072
4393_mens,0.0,0.04808435192090008,0.010505660508940662,0.9414099875701591
4832_mens,0.0,0.035312970297466675,0.037367852792323665,0.9273191769102096
3350_mens,0.0,0.9455207302275211,0.042453422646451626,0.012025847126027191
6521_mens,0.0,0.6628008661740838,0.32805611552270714,0.009143018303209028
1222_mens,0.0,0.8901210519977228,0.10108899234404048,0.008789955658236715
5842_mens,0.0,0.4525069835028421,0.5183738439882102,0.02911917250894782
7126_mens,0.0,0.8589486435833704,0.12707940155839334,0.013971954858236234
3727_mens,0.0,0.015308025391182091,0.00906812633603694,0.9756238482727809
4489_mens,0.0,0.912907987516232,0.07186315913711412,0.01522885334665395
7082_mens,0.0,0.00960515979221479,0.987324050690635,0.003070789517150169
1846_mens,0.0,0.08932881721530816,0.015098484819507887,0.8955726979651839
6360_mens,0.0,0.5381248177970622,0.44618619838822,0.01568898381471786
2756_mens,0.0,0.08559000138330411,0.9052696166246276,0.009140381992068323
5577_mens,0.0,0.08299313610500576,0.7888036431031414,0.12820322079185278
6677_mens,0.0,0.16244611507632967,0.7955306372462909,0.04202324767737944
2272_mens,0.0,0.07018475568130887,0.9266034634207478,0.0032117808979432085
4037_mens,0.0,0.07596651030567016,0.9057218412685132,0.018311648425816802
2485_mens,0.0,0.11340988599769145,0.8733878571210493,0.013202256881259335
5454_mens,0.0,0.03785418673524885,0.9555688088593504,0.006577004405400557
3252_mens,0.0,0.026309476178969192,0.005412063732738857,0.968278460088292
1174_mens,0.0,0.2716292565997107,0.7128053078351954,0.015565435565094012
8055_mens,0.0,0.2270314892450218,0.7627428420617935,0.010225668693184616
3636_mens,0.0,0.11885211583801054,0.8611032175714101,0.020044666590579484
6587_mens,0.0,0.7711231851383135,0.049391991509785994,0.1794848233519005
3203_mens,0.0,0.9235079154015076,0.06381528375376774,0.01267680084472486
2724_mens,0.0,0.07864771045019983,0.8759487915759588,0.04540349797384123
1301_mens,0.0,0.6890053738554335,0.2785998193749877,0.032394806769578795
5535_mens,0.0,0.7950419848687551,0.1895580868987255,0.015399928232519415
1850_mens,0.0,0.006781388438570073,0.03368588036653787,0.9595327311948921
4560_mens,0.0,0.042572601913354685,0.008699818350935426,0.9487275797357098
233_mens,0.0,0.9735947330271066,0.01918426603912521,0.007221000933768071
4278_mens,0.0,0.9622445073714314,0.03062954723776654,0.007125945390801984
4546_mens,0.0,0.9179322077164306,0.07323194689007602,0.008835845393493311
7291_mens,0.0,0.1105643504948364,0.8342534541932968,0.05518219531186679
2015_mens,0.0,0.2893289274921281,0.4456038929784079,0.2650671795294642
6697_mens,0.0,0.5746875953408958,0.3828669793565901,0.042445425302514335
4533_mens,0.0,0.9752365359640676,0.01733920620739046,0.007424257828542105
916_mens,0.0,0.8929049860512399,0.09864304770781897,0.00845196624094095
4934_mens,0.0,0.07392113048493441,0.917752905623022,0.008325963892043665
356_mens,0.0,0.5715607113672881,0.4194342106312548,0.009005078001457003
2461_mens,0.0,0.9687979412042996,0.02160735140365296,0.009594707392047527
7621_mens,0.0,0.1898550576040985,0.035035979056509285,0.7751089633393922
3985_mens,0.0,0.7805559402326815,0.16558658382964786,0.05385747593767076
5393_mens,0.0,0.021465150940873645,0.0036727413763311297,0.9748621076827952
8583_mens,0.0,0.2285215325572857,0.7505463479588279,0.020932119483886482
5267_mens,0.0,0.96900206831384,0.020151187396302898,0.010846744289857149
3587_mens,0.0,0.9800109388166302,0.01488152342622254,0.005107537757147297
250_mens,0.0,0.022590234988909236,0.005687924135224556,0.9717218408758662
2618_mens,0.0,0.013317465511250915,0.9627433066351468,0.02393922785360228
3944_mens,0.0,0.05396456491186565,0.0054700669922509385,0.9405653680958832
3112_mens,0.0,0.0207186096745508,0.0039589980139774685,0.9753223923114718
5556_mens,0.0,0.04094169702518511,0.003712210379288089,0.9553460925955268
8465_mens,0.0,0.02094293453591607,0.0037896192432281704,0.9752674462208558
8748_mens,0.0,0.040917970110252375,0.013998520948894566,0.9450835089408532
6858_mens,0.0,0.026125777978221076,0.9698209524339126,0.004053269587866376
1600_mens,0.0,0.0962982831075561,0.011014019578225351,0.8926876973142186
1640_mens,0.0,0.15081262350199096,0.01746069813516083,0.8317266783628483
8709_mens,0.0,0.953712925464835,0.038512200505014686,0.0077748740301502575
4036_mens,0.0,0.01396573029824498,0.016580459429626528,0.9694538102721286
2514_mens,0.0,0.8731975526312808,0.11183277570625096,0.014969671662468188
6435_mens,0.0,0.02267780466776021,0.044643779566646426,0.9326784157655934
781_mens,0.0,0.17827697293456268,0.023318049105771708,0.7984049779596656
34_mens,0.0,0.02000913291555497,0.004093933852219768,0.9758969332322251
7873_mens,0.0,0.11348400997170766,0.01099308356844229,0.8755229064598501
7878_mens,0.0,0.08558143218276185,0.10660646671492248,0.8078121011023157
7915_mens,0.0,0.8228491243131257,0.15198037999240965,0.025170495694464626
5754_mens,0.0,0.9648948887143028,0.026851039377425025,0.00825407190827217
7322_mens,0.0,0.009736756857287148,0.009787830035608142,0.9804754131071048
215_mens,0.0,0.9603870006593253,0.025209536226551768,0.014403463114122815
2229_mens,0.0,0.009288978517423548,0.004602722155254322,0.9861082993273221
2367_mens,0.0,0.008537745615761441,0.004411151519217092,0.9870511028650216
2615_mens,0.0,0.16130058038210887,0.8310776243392851,0.007621795278606109
5183_mens,0.0,0.013564731399679005,0.017581496465738766,0.9688537721345822
2856_mens,0.0,0.9480937183308332,0.039941071245590064,0.011965210423576608
5184_mens,0.0,0.04834538765242438,0.01700141584615024,0.9346531965014256
1703_mens,0.0,0.05435968677902856,0.004549002060426345,0.9410913111605452
6822_mens,0.0,0.04163776761770418,0.005587149648820571,0.9527750827334752
4316_mens,0.0,0.21032124547676187,0.7718403059667077,0.017838448556530422
1639_mens,0.0,0.024357032835718603,0.006532693170248656,0.9691102739940326
4069_mens,0.0,0.01567192744418522,0.03230204996919735,0.9520260225866176
2496_mens,0.0,0.020486581336066702,0.015796661377535347,0.963716757286398
1437_mens,0.0,0.00608395704116235,0.02542946196188991,0.9684865809969476
3190_mens,0.0,0.018340394090543343,0.008724778791307859,0.9729348271181488
3554_mens,0.0,0.3296119098743534,0.6489064755257924,0.02148161459985424
5455_mens,0.0,0.013363872408582488,0.004689185466886938,0.9819469421245306
1176_mens,0.0,0.022400550555622442,0.003980710640662489,0.9736187388037152
1303_mens,0.0,0.3529135168779879,0.6321976768563139,0.014888806265698171
5607_mens,0.0,0.02262476147743944,0.9735510243676176,0.0038242141549429507
2013_mens,0.0,0.007141296025898236,0.015231584239293054,0.9776271197348088
171_mens,0.0,0.33440238628787977,0.6380022471044383,0.027595366607681818
3169_mens,0.0,0.22193873873104528,0.7422797437272427,0.03578151754171198
2525_mens,0.0,0.01016341859853418,0.061338833521141625,0.928497747880324
6103_mens,0.0,0.007245625013708874,0.030269353202069568,0.9624850217842216
1950_mens,0.0,0.954013817894198,0.02775397088476317,0.018232211221038814
7910_mens,0.0,0.2183505143759804,0.7518024983269691,0.02984698729705065
5565_mens,0.0,0.14021245789574455,0.8352282575447159,0.024559284559539672
462_mens,0.0,0.013401208870707945,0.018325631725806563,0.9682731594034856
974_mens,0.0,0.9644843016332836,0.0228553744886537,0.012660323878062787
367_mens,0.0,0.9560061721607652,0.032236568059803114,0.011757259779431813
6456_mens,0.0,0.75584879506006,0.04106518502104809,0.203086019918892
8446_mens,0.0,0.9572473836688769,0.0280403419565994,0.014712274374523913
6692_mens,0.0,0.010029636708762795,0.00698799652529849,0.9829823667659386
7342_mens,0.0,0.013593669110213345,0.013949999905613335,0.9724563309841732
7866_mens,0.0,0.8930695647958231,0.09348965874972053,0.01344077645445636
6254_mens,0.0,0.759020966443343,0.2294161627151636,0.011562870841493442
9398_mens,0.0,0.08462301840869865,0.054845545135357984,0.8605314364559433
7111_mens,0.0,0.055747654442073004,0.4827606182697163,0.4614917272882106
2884_mens,0.0,0.6022191183861113,0.14086022175505494,0.2569206598588337
5143_mens,0.0,0.025548978584391084,0.0076509755240916095,0.9668000458915172
7191_mens,0.0,0.06320003320844413,0.9125511988569716,0.024248767934584192
8062_mens,0.0,0.08652002260974126,0.9010379780709548,0.012441999319303934
2316_mens,0.0,0.9668660871487176,0.01948191962515474,0.01365199322612773
2631_mens,0.0,0.01355160882448563,0.12641667586233693,0.8600317153131775
1041_mens,0.0,0.026963209610748013,0.09412536112525192,0.878911429264
6991_mens,0.0,0.0138166759141087,0.005216496818924667,0.9809668272669666
5033_mens,0.0,0.046389212423814837,0.3508099817051376,0.6028008058710475
2175_mens,0.0,0.036754274026034574,0.04836297330719328,0.914882752666772
3486_mens,0.0,0.8033954685627388,0.0624595659002076,0.13414496553705355
140_mens,0.0,0.08811425538261443,0.9011544048546334,0.01073133976275204
7320_mens,0.0,0.036405796364969364,0.0070771001369714015,0.9565171034980592
4890_mens,0.0,0.00952032477186729,0.0051864815717472795,0.9852931936563856
4554_mens,0.0,0.014851178460790475,0.020301442270391715,0.9648473792688176
617_mens,0.0,0.03428542667033446,0.021648130309080086,0.9440664430205856
8951_mens,0.0,0.008231869864054516,0.019524917257802192,0.9722432128781432
8802_mens,0.0,0.9624960658453956,0.028926213456096483,0.008577720698507891
1313_mens,0.0,0.005743140256698522,0.06036264842063105,0.9338942113226704
399_mens,0.0,0.5789101140297176,0.3901698160992486,0.030920069871033736
4067_mens,0.0,0.01138923352240172,0.004123554679597022,0.9844872117980014
7296_mens,0.0,0.0966069379570186,0.8874580459774937,0.015935016065487778
4580_mens,0.0,0.01374222258205374,0.01450121457709991,0.9717565628408464
867_mens,0.0,0.2278161882855413,0.7382971928106812,0.033886618903777505
6064_mens,0.0,0.2484932914889276,0.4722012273615341,0.27930548114953824
4622_mens,0.0,0.14897444981555266,0.026230320241641108,0.8247952299428063
8824_mens,0.0,0.031280000346732936,0.003898831221101639,0.9648211684321654
8390_mens,0.0,0.03113645081447816,0.005538885059647776,0.963324664125874
3152_mens,0.0,0.0234746973299028,0.9729188545101368,0.003606448159960132
190_mens,0.0,0.06529909420898294,0.1864707965911194,0.7482301091998977
5720_mens,0.0,0.022329440507784612,0.01500383076508264,0.9626667287271328
4188_mens,0.0,0.05308399902325158,0.007845941488565905,0.9390700594881825
7825_mens,0.0,0.028300241567266307,0.9659188235882964,0.0057809348444370886
889_mens,0.0,0.010086480466863341,0.013569831658382596,0.976343687874754
4495_mens,0.0,0.8768299790101122,0.07883834628705616,0.044331674702831635
242_mens,0.0,0.12299874969886478,0.03904957221627376,0.8379516780848614
6611_mens,0.0,0.8591173206678809,0.1188204935891126,0.02206218574300661
3077_mens,0.0,0.008971448236859574,0.04873491169865884,0.9422936400644816
4516_mens,0.0,0.9384131664733312,0.0466387471189026,0.014948086407766088
274_mens,0.0,0.008180635841479194,0.058374128720346835,0.933445235438174
3069_mens,0.0,0.32987486774068464,0.0555702916479389,0.6145548406113764
8796_mens,0.0,0.027685855953065105,0.6677760911766139,0.3045380528703209
495_mens,0.0,0.017611117694867586,0.06426133982246626,0.918127542482666
2381_mens,0.0,0.9590534600232646,0.027832375038397143,0.013114164938338276
9056_mens,0.0,0.6548615821282083,0.33800536060805,0.007133057263741784
9440_mens,0.0,0.2248035709502904,0.758856082727859,0.01634034632185061
5837_mens,0.0,0.021000804698877343,0.00378939524618969,0.975209800054933
3372_mens,0.0,0.09510565954009864,0.08273636189838805,0.8221579785615133
2380_mens,0.0,0.7332675168965653,0.08076727883187951,0.18596520427155505
4731_mens,0.0,0.04237167968181255,0.9506411506912292,0.006987169626958286
4566_mens,0.0,0.04936087292406235,0.004583180501632539,0.9460559465743053
4288_mens,0.0,0.00847661458276448,0.020827879216952155,0.9706955062002832
2401_mens,0.0,0.10391708636900847,0.8879924674654123,0.008090446165579192
7392_mens,0.0,0.21022621447384368,0.7766726320082521,0.013101153517904314
4507_mens,0.0,0.030733281362332138,0.005605395822917831,0.9636613228147499
9311_mens,0.0,0.9353116554208012,0.05177938286128569,0.012908961717913269
3260_mens,0.0,0.9452876173875558,0.03701883282970303,0.017693549782741066
1330_mens,0.0,0.9350166347162768,0.05695138817087352,0.008031977112849873
7278_mens,0.0,0.021540402238763988,0.9627691642895764,0.01569043347165943
7021_mens,0.0,0.04411835583209909,0.016271933075825747,0.9396097110920753
2558_mens,0.0,0.02338030822523607,0.01176521709070703,0.9648544746840568
5093_mens,0.0,0.9434542540394564,0.04774662472855559,0.008799121231987927
389_mens,0.0,0.3612914659540921,0.5787792449924649,0.05992928905344299
5510_mens,0.0,0.249486403651138,0.7365372217648471,0.013976374584014909
434_mens,0.0,0.03910232636300842,0.0062658189330925896,0.954631854703899
3970_mens,0.0,0.11639860131155308,0.8728230670177926,0.010778331670654505
2670_mens,0.0,0.747256898880395,0.030529876265847793,0.2222132248537572
593_mens,0.0,0.6999762166479367,0.2725442622868678,0.027479521065195498
6406_mens,0.0,0.9507804434953244,0.03053983902009972,0.018679717484575826
2122_mens,0.0,0.9646143142357908,0.02568767452843553,0.00969801123577342
7924_mens,0.0,0.9133590725913424,0.07951310860256959,0.007127818806088094
7602_mens,0.0,0.957299142375074,0.032074439999267935,0.010626417625658085
655_mens,0.0,0.08901362248271648,0.005304350698978009,0.9056820268183056
3785_mens,0.0,0.6174219374377742,0.3701145186346888,0.012463543927537195
5354_mens,0.0,0.4498785503798767,0.534777077460711,0.015344372159412312
3502_mens,0.0,0.2746858238528414,0.7085514689557619,0.016762707191396622
204_mens,0.0,0.9234746315609156,0.06746638412789563,0.009058984311188623
120_mens,0.0,0.10668231590680928,0.8738163256406404,0.019501358452550396
6297_mens,0.0,0.9678995270886912,0.0197430071701048,0.012357465741204205
8364_mens,0.0,0.05632092402849102,0.9191346784309536,0.024544397540555343
6979_mens,0.0,0.02802635091003514,0.9599375737883588,0.01203607530160597
9075_mens,0.0,0.016067400406669027,0.9789801287277616,0.004952470865569535
9297_mens,0.0,0.03264699786498865,0.02183230472303253,0.9455206974119787
9004_mens,0.0,0.2331284134606941,0.7452998670777626,0.02157171946154329
6914_mens,0.0,0.030278694195284263,0.003753483479845956,0.9659678223248696
5821_mens,0.0,0.02614504094976219,0.004482873989763925,0.9693720850604738
8281_mens,0.0,0.08265191560626628,0.9025624464277896,0.01478563796594389
1010_mens,0.0,0.010973166972413429,0.004547740008422402,0.984479093019164
835_mens,0.0,0.9755641075899258,0.018332141919404757,0.0061037504906694354
4906_mens,0.0,0.00938171213840793,0.004032281259448429,0.9865860066021436
5775_mens,0.0,0.018653364364583844,0.010100285471876582,0.9712463501635396
4770_mens,0.0,0.008321562280879852,0.0048767478656101615,0.9868016898535099
2827_mens,0.0,0.12477671324369087,0.02201408747879547,0.8532091992775137
1540_mens,0.0,0.9654456228654266,0.025213858712013863,0.009340518422559495
1633_mens,0.0,0.06995901308178637,0.006415345232955136,0.9236256416852584
7646_mens,0.0,0.9441274688012664,0.04423689892642802,0.011635632272305702
2591_mens,0.0,0.6248976605849328,0.3666333950381408,0.008468944376926473
9432_mens,0.0,0.9443340621454884,0.03837077474452303,0.017295163109988517
6190_mens,0.0,0.05229787685828582,0.004403109941316422,0.9432990132003976
828_mens,0.0,0.962413354668376,0.028843891290846836,0.008742754040776993
8715_mens,0.0,0.5396608550799573,0.4481070085649808,0.012232136355061905
6867_mens,0.0,0.11336146652372694,0.8460711371216096,0.0405673963546635
7691_mens,0.0,0.9671684448807822,0.021395311621626882,0.011436243497591005
185_mens,0.0,0.14620462188877964,0.8439742481234104,0.00982112998781014
3642_mens,0.0,0.9376340442140884,0.04513142722926125,0.01723452855665025
4150_mens,0.0,0.3629938518746378,0.6314441787745557,0.005561969350806451
3068_mens,0.0,0.7916124421385751,0.18270139694950785,0.025686160911917246
1393_mens,0.0,0.09681263212621374,0.8885097128356434,0.014677655038142818
910_mens,0.0,0.04678586004602373,0.9367299088034275,0.016484231150548645
5079_mens,0.0,0.2937525992182823,0.04280922374461979,0.6634381770370978
2731_mens,0.0,0.3051406928385185,0.678022115678198,0.016837191483283418
8473_mens,0.0,0.0252088567463432,0.07975396915990061,0.8950371740937563
4340_mens,0.0,0.03235672461274662,0.00467720009632736,0.962966075290926
1721_mens,0.0,0.1636454780994781,0.0293824717840317,0.8069720501164901
4871_mens,0.0,0.9542472877439568,0.037709807216417625,0.008042905039625556
5220_mens,0.0,0.8623181429073659,0.11671389468233068,0.02096796241030339
5130_mens,0.0,0.12210346742353576,0.06779086746175866,0.8101056651147057
3375_mens,0.0,0.02070233995957601,0.0036900901254281688,0.9756075699149958
6003_mens,0.0,0.03066608846522024,0.012803071414524756,0.9565308401202548
4625_mens,0.0,0.4624676752884861,0.5248409279822781,0.012691396729235829
4778_mens,0.0,0.9448163746554382,0.043911927926242905,0.011271697418318679
2017_mens,0.0,0.07098254553215508,0.00540420436053474,0.92361325010731
2318_mens,0.0,0.7165840200631355,0.06932926872621092,0.21408671121065356
187_mens,0.0,0.8424760167672998,0.14389433227389214,0.013629650958808106
4374_mens,0.0,0.1971976347871019,0.013580708646194942,0.7892216565667032
2787_mens,0.0,0.22395967715513893,0.06338545769187663,0.7126548651529845
8273_mens,0.0,0.0493832596790472,0.9441975576806676,0.006419182640285188
8402_mens,0.0,0.5949750971763184,0.3795065059975785,0.02551839682610324
8479_mens,0.0,0.961033878784504,0.03173283956499496,0.007233281650501125
6057_mens,0.0,0.9348791282880616,0.04385356599443721,0.02126730571750111
9405_mens,0.0,0.8945361322365334,0.061310509638144724,0.044153358125321784
8161_mens,0.0,0.7584670511452801,0.2203875810323529,0.02114536782236693
7843_mens,0.0,0.7950653857980752,0.1905130792989044,0.014421534903020334
8561_mens,0.0,0.014691759775231713,0.02245622909078189,0.9628520111339864
5756_mens,0.0,0.9652673659054356,0.026351933667367933,0.008380700427196216
5678_mens,0.0,0.963446065614803,0.025597612852571897,0.010956321532625228
1549_mens,0.0,0.21507853230171686,0.752738218504898,0.03218324919338518
7331_mens,0.0,0.9492902464622572,0.033772544022621795,0.01693720951512084
866_mens,0.0,0.5258339244166901,0.4641873373345321,0.009978738248777892
7341_mens,0.0,0.9860726999583984,0.009842848710424278,0.004084451331177139
2350_mens,0.0,0.384819103838332,0.5540956304906517,0.06108526567101629
5498_mens,0.0,0.008503044342348422,0.0070050833122823645,0.9844918723453692
2062_mens,0.0,0.06684721152842364,0.00977930006126824,0.9233734884103082
7104_mens,0.0,0.9270067144057336,0.060808976847788625,0.01218430874647772
6018_mens,0.0,0.07765218970563557,0.9090201639330177,0.013327646361346805
9214_mens,0.0,0.14206573227092487,0.01183412988877897,0.8461001378402961
8922_mens,0.0,0.8082757549778158,0.18132685014584435,0.010397394876339935
8653_mens,0.0,0.036113210370815815,0.0038793788817809054,0.9600074107474031
3153_mens,0.0,0.9677940344803628,0.016845531547208095,0.015360433972429074
2992_mens,0.0,0.9243418458728776,0.060040929562695765,0.01561722456442653
7098_mens,0.0,0.043066695516817716,0.9407222799166964,0.016211024566485852
6211_mens,0.0,0.7897924322717986,0.05474580560794779,0.15546176212025353
3042_mens,0.0,0.10667718070854676,0.8724046770446808,0.020918142246772325
8247_mens,0.0,0.9682471594033871,0.025494822752422267,0.006258017844190529
6718_mens,0.0,0.009819542439107256,0.02106050121270709,0.9691199563481856
8667_mens,0.0,0.9729756508546183,0.022619850782046532,0.004404498363335162
9358_mens,0.0,0.10444271533719614,0.5677887963618685,0.32776848830093536
58_mens,0.0,0.7714301641325496,0.028625658466118826,0.1999441774013315
1942_mens,0.0,0.8483901680219469,0.14135248864170252,0.010257343336350555
3294_mens,0.0,0.971823851764786,0.021809258619945086,0.006366889615268906
6042_mens,0.0,0.963458355951022,0.029746324615309367,0.0067953194336684295
5801_mens,0.0,0.9706389457810964,0.020714975812883143,0.008646078406020594
2066_mens,0.0,0.9585230654901528,0.02599549954080593,0.015481434969041297
9335_mens,0.0,0.010520254637104156,0.014480416695694153,0.9749993286672016
5074_mens,0.0,0.5453101052642404,0.4380376966240828,0.01665219811167687
4669_mens,0.0,0.057007280075639516,0.9387027213145452,0.004289998609815476
6333_mens,0.0,0.05764522386587205,0.0076935527666953845,0.9346612233674324
2432_mens,0.0,0.034268662963456764,0.007126897837449955,0.9586044391990932
4651_mens,0.0,0.04690406533649085,0.011934548698590765,0.9411613859649184
5697_mens,0.0,0.2865453830768669,0.22321615444999784,0.4902384624731353
3247_mens,0.0,0.4738879446570426,0.5017689867701298,0.024343068572827583
5317_mens,0.0,0.8840715034837654,0.10011921296296096,0.015809283553273774
1091_mens,0.0,0.02693193797349185,0.003916330974733397,0.9691517310517748
6888_mens,0.0,0.9622747925433788,0.021957671749967288,0.015767535706653898
2633_mens,0.0,0.035973612071947866,0.01841144694450504,0.9456149409835469
3289_mens,0.0,0.01846616515265729,0.035210410463488884,0.946323424383854
10_mens,0.0,0.01406996779185742,0.009493284873780141,0.9764367473343624
8110_mens,0.0,0.011080178021330168,0.030093468305206563,0.9588263536734632
9080_mens,0.0,0.9538862067651496,0.038687213642075564,0.007426579592774959
5865_mens,0.0,0.3201999859878261,0.6491310663389459,0.030668947673227923
1359_mens,0.0,0.4448101763233705,0.09252671605309444,0.462663107623535
6427_mens,0.0,0.7013066597090606,0.27436173737221914,0.02433160291872036
8003_mens,0.0,0.0269091997555089,0.9586308971638297,0.014459903080661541
2355_mens,0.0,0.904541597553186,0.0802287210623952,0.01522968138441881
5750_mens,0.0,0.010435684528760895,0.004025680870297889,0.9855386346009412
4465_mens,0.0,0.005673313706780096,0.9656702048402054,0.028656481453014526
4080_mens,0.0,0.02145584062600558,0.4058577755553183,0.5726863838186761
4258_mens,0.0,0.9677774214309272,0.021481550329131287,0.010741028239941332
6267_mens,0.0,0.014180223638292043,0.01639248981663835,0.9694272865450696
2028_mens,0.0,0.10871539630716684,0.8837252235062221,0.0075593801866112595
7914_mens,0.0,0.11931598236388323,0.010616199668557593,0.8700678179675593
2234_mens,0.0,0.3736227841875809,0.062195887731702676,0.5641813280807165
2024_mens,0.0,0.24023270143386646,0.6652194471383087,0.09454785142782474
7668_mens,0.0,0.0990038403975522,0.8799555352889571,0.02104062431349097
119_mens,0.0,0.02818485125856445,0.004093844886130931,0.9677213038553046
1620_mens,0.0,0.03490806720633838,0.005519177495997838,0.9595727552976636
6235_mens,0.0,0.9705728275404236,0.01958714794322611,0.009840024516350266
5895_mens,0.0,0.018234446747309743,0.03311286171673141,0.9486526915359588
6160_mens,0.0,0.9109465285411601,0.07525066354502236,0.013802807913817541
1239_mens,0.0,0.024774684339303042,0.03491095596070326,0.9403143596999938
3168_mens,0.0,0.05023404051037348,0.9160111603797128,0.03375479910991374
4219_mens,0.0,0.8766027439610095,0.1146201083956571,0.008777147643333554
4063_mens,0.0,0.9238956196100804,0.06805887844562712,0.00804550194429254
8300_mens,0.0,0.02882197817638034,0.006722129063120712,0.9644558927604989
7333_mens,0.0,0.8799080779002484,0.10313399150631866,0.016957930593432775
6460_mens,0.0,0.9420122633789276,0.04417152178790766,0.013816214833164584
1021_mens,0.0,0.9639423966330788,0.024925598388309732,0.011132004978611451
5808_mens,0.0,0.04122671334951189,0.05930961630598568,0.8994636703445025
2692_mens,0.0,0.27398018649969164,0.36227093647391817,0.3637488770263902
7856_mens,0.0,0.9437848432468326,0.03801288506646331,0.018202271686704075
8498_mens,0.0,0.02750316437135552,0.1438285251840599,0.8286683104445847
5851_mens,0.0,0.4975219009117474,0.4669442875913219,0.03553381149693089
854_mens,0.0,0.9263631089670512,0.04403865074361698,0.029598240289331664
7460_mens,0.0,0.09169452314725836,0.44072581992784254,0.467579656924899
9071_mens,0.0,0.013934443385490068,0.0158259144343461,0.9702396421801638
4996_mens,0.0,0.02267703149543179,0.0040108573091629535,0.9733121111954052
9017_mens,0.0,0.010910800416365704,0.01523649944568054,0.9738527001379536
6660_mens,0.0,0.7676436247107865,0.03575546150675183,0.19660091378246167
4229_mens,0.0,0.08873139674688191,0.9004258747084171,0.010842728544701127
8837_mens,0.0,0.7138377615213912,0.2656153777281593,0.0205468607504495
188_mens,0.0,0.2891418580371698,0.06753004318411833,0.643328098778712
6413_mens,0.0,0.9602801039625928,0.02901977982366563,0.010700116213741579
5606_mens,0.0,0.9455289414515542,0.03791031009759522,0.01656074845085044
6022_mens,0.0,0.08255205612168813,0.05897129675499849,0.8584766471233133
3204_mens,0.0,0.08848713050083372,0.00597278155207247,0.9055400879470938
6901_mens,0.0,0.9534249663954664,0.02464814517233919,0.0219268884321946
597_mens,0.0,0.240722513242172,0.06637248577082444,0.6929050009870037
4865_mens,0.0,0.015488249552590072,0.008339483428807139,0.9761722670186028
1505_mens,0.0,0.9761667207094016,0.016298290928471695,0.007534988362126676
989_mens,0.0,0.9271938033642132,0.06040229712192983,0.012403899513857123
4538_mens,0.0,0.9662677099298862,0.024993480570681195,0.008738809499432804
6994_mens,0.0,0.012451900183352231,0.007889834511044051,0.9796582653056036
8895_mens,0.0,0.5329913765699186,0.33174696869214704,0.1352616547379345
6361_mens,0.0,0.5977512818829969,0.3759460408242585,0.026302677292744624
4104_mens,0.0,0.03839273223246683,0.007882527905636712,0.9537247398618964
2502_mens,0.0,0.034418319710439974,0.004297321767856901,0.9612843585217032
3377_mens,0.0,0.967895411098176,0.02330920413090269,0.008795384770921419
9231_mens,0.0,0.0484017290179398,0.0050659449102148,0.9465323260718452
697_mens,0.0,0.9192882841935708,0.02852995753333185,0.05218175827309743
9063_mens,0.0,0.011637098241280862,0.006787309024303614,0.9815755927344154
261_mens,0.0,0.822179758305354,0.16264031720638594,0.015179924488260128
5234_mens,0.0,0.010908876663023013,0.04894018011021222,0.9401509432267648
5275_mens,0.0,0.9728201468564072,0.012992723253761943,0.01418712988983084
1046_mens,0.0,0.017337181796627597,0.972493086445894,0.010169731757478349
6196_mens,0.0,0.9706200283186824,0.020773187260044814,0.008606784421272877
3003_mens,0.0,0.9435992847306532,0.04398363754387465,0.01241707772547225
2278_mens,0.0,0.9679147498068849,0.023054319036121138,0.009030931156993813
6101_mens,0.0,0.28132803723875793,0.7041949711476249,0.014476991613617204
1743_mens,0.0,0.8265106588202874,0.16213564831695254,0.011353692862759944
3065_mens,0.0,0.07318171024403311,0.00545036461165221,0.9213679251443146
5159_mens,0.0,0.9725558915580592,0.021525779975145515,0.005918328466795204
4449_mens,0.0,0.9703025963708696,0.02019621021094582,0.00950119341818453
1561_mens,0.0,0.8980574328821694,0.09148636717810857,0.010456199939722008
9445_mens,0.0,0.9336206077618092,0.05707843753929711,0.009300954698893868
1919_mens,0.0,0.013645640806595971,0.01646264243130221,0.9698917167621016
6148_mens,0.0,0.1276442000694682,0.8280448262351343,0.04431097369539741
6926_mens,0.0,0.2661837762925849,0.7101095794121023,0.02370664429531276
6683_mens,0.0,0.011729047691718585,0.9780407653328136,0.010230186975467988
1311_mens,0.0,0.9521450359012216,0.035480548111166375,0.012374415987612212
3872_mens,0.0,0.9666392087256309,0.026644876342362,0.00671591493200702
5012_mens,0.0,0.8241252663109903,0.15519029863541106,0.020684435053598797
6581_mens,0.0,0.027810047003765617,0.003763038829816578,0.9684269141664178
4946_mens,0.0,0.9583361197232542,0.03192111305506826,0.009742767221677712
5632_mens,0.0,0.02298254648581904,0.003923416060659261,0.9730940374535216
1066_mens,0.0,0.026518296916573827,0.9652916028902224,0.00819010019320377
2531_mens,0.0,0.9379869349604724,0.05228414025286282,0.009728924786664638
8996_mens,0.0,0.975100724591048,0.018429538750480253,0.006469736658471921
8452_mens,0.0,0.9257547378998324,0.06848754346244587,0.005757718637721745
785_mens,0.0,0.018722253687336637,0.01376267123707105,0.9675150750755924
6202_mens,0.0,0.012363625797699009,0.003830523198531396,0.9838058510037696
5655_mens,0.0,0.9499447359592462,0.04502281298107143,0.0050324510596822785
8085_mens,0.0,0.008688106146318429,0.008589989162598354,0.9827219046910832
8164_mens,0.0,0.3169875245215367,0.07629804835323294,0.6067144271252303
6803_mens,0.0,0.928212427628436,0.06483888006751326,0.0069486923040508975
8232_mens,0.0,0.9481823296741048,0.04030029809073218,0.0115173722351631
6907_mens,0.0,0.948210377175126,0.04481076229512269,0.006978860529751386
2809_mens,0.0,0.08154549241986843,0.9115514756326872,0.006903031947444425
4376_mens,0.0,0.19479715733503197,0.7793105233825749,0.025892319282393
3635_mens,0.0,0.01223479241216441,0.012157353110601869,0.9756078544772336
6395_mens,0.0,0.9681818023460484,0.02200010219556724,0.009818095458384486
5098_mens,0.0,0.8691849623837641,0.1177245612571598,0.01309047635907616
7233_mens,0.0,0.32876044177598024,0.6270840382797939,0.044155519944225806
6937_mens,0.0,0.9300839359612556,0.051467937854148084,0.01844812618459649
